000:090;000:090;37,-36;34,-36;37,-37
090:180;000:090;34,-36;-37,-36;34,-37
180:270;000:090;-37,-36;-34,-36;-37,-37
270:360;000:090;-34,-36;37,-36;-34,-37
000:090;090:180;37,-37;34,-37;37,36
090:180;090:180;34,-37;-37,-37;34,36
180:270;090:180;-37,-37;-34,-37;-37,36
270:360;090:180;-34,-37;37,-37;-34,36
000:090;180:270;37,36;34,36;37,37
090:180;180:270;34,36;-37,36;34,37
180:270;180:270;-37,36;-34,36;-37,37
270:360;180:270;-34,36;37,36;-34,37
000:090;270:360;37,37;34,37;37,-36
090:180;270:360;34,37;-37,37;34,-36
180:270;270:360;-37,37;-34,37;-37,-36
270:360;270:360;-34,37;37,37;-34,-36
