000:090;000:090;5,-79;2,-79;5,-79
090:180;000:090;2,-79;-5,-79;2,-79
180:270;000:090;-5,-79;-2,-79;-5,-79
270:360;000:090;-2,-79;5,-79;-2,-79
000:090;090:180;5,-79;2,-79;5,79
090:180;090:180;2,-79;-5,-79;2,79
180:270;090:180;-5,-79;-2,-79;-5,79
270:360;090:180;-2,-79;5,-79;-2,79
000:090;180:270;5,79;2,79;5,79
090:180;180:270;2,79;-5,79;2,79
180:270;180:270;-5,79;-2,79;-5,79
270:360;180:270;-2,79;5,79;-2,79
000:090;270:360;5,79;2,79;5,-79
090:180;270:360;2,79;-5,79;2,-79
180:270;270:360;-5,79;-2,79;-5,-79
270:360;270:360;-2,79;5,79;-2,-79
