000:090;000:090;12,-43;22,-43;12,-43
090:180;000:090;22,-43;-12,-43;22,-43
180:270;000:090;-12,-43;-22,-43;-12,-43
270:360;000:090;-22,-43;12,-43;-22,-43
000:090;090:180;12,-43;22,-43;12,43
090:180;090:180;22,-43;-12,-43;22,43
180:270;090:180;-12,-43;-22,-43;-12,43
270:360;090:180;-22,-43;12,-43;-22,43
000:090;180:270;12,43;22,43;12,43
090:180;180:270;22,43;-12,43;22,43
180:270;180:270;-12,43;-22,43;-12,43
270:360;180:270;-22,43;12,43;-22,43
000:090;270:360;12,43;22,43;12,-43
090:180;270:360;22,43;-12,43;22,-43
180:270;270:360;-12,43;-22,43;-12,-43
270:360;270:360;-22,43;12,43;-22,-43
