000:090;000:090;0,28;32,28;0,28
090:180;000:090;32,28;0,28;32,28
180:270;000:090;0,28;-32,28;0,28
270:360;000:090;-32,28;0,28;-32,28
000:090;090:180;0,28;32,28;0,-28
090:180;090:180;32,28;0,28;32,-28
180:270;090:180;0,28;-32,28;0,-28
270:360;090:180;-32,28;0,28;-32,-28
000:090;180:270;0,-28;32,-28;0,-28
090:180;180:270;32,-28;0,-28;32,-28
180:270;180:270;0,-28;-32,-28;0,-28
270:360;180:270;-32,-28;0,-28;-32,-28
000:090;270:360;0,-28;32,-28;0,28
090:180;270:360;32,-28;0,-28;32,28
180:270;270:360;0,-28;-32,-28;0,28
270:360;270:360;-32,-28;0,-28;-32,28
