000:090;000:090;49.5,-2.5;1.5,-2.5;49.5,-2.5
090:180;000:090;1.5,-2.5;-49.5,-2.5;1.5,-2.5
180:270;000:090;-49.5,-2.5;-1.5,-2.5;-49.5,-2.5
270:360;000:090;-1.5,-2.5;49.5,-2.5;-1.5,-2.5
000:090;090:180;49.5,-2.5;1.5,-2.5;49.5,2.5
090:180;090:180;1.5,-2.5;-49.5,-2.5;1.5,2.5
180:270;090:180;-49.5,-2.5;-1.5,-2.5;-49.5,2.5
270:360;090:180;-1.5,-2.5;49.5,-2.5;-1.5,2.5
000:090;180:270;49.5,2.5;1.5,2.5;49.5,2.5
090:180;180:270;1.5,2.5;-49.5,2.5;1.5,2.5
180:270;180:270;-49.5,2.5;-1.5,2.5;-49.5,2.5
270:360;180:270;-1.5,2.5;49.5,2.5;-1.5,2.5
000:090;270:360;49.5,2.5;1.5,2.5;49.5,-2.5
090:180;270:360;1.5,2.5;-49.5,2.5;1.5,-2.5
180:270;270:360;-49.5,2.5;-1.5,2.5;-49.5,-2.5
270:360;270:360;-1.5,2.5;49.5,2.5;-1.5,-2.5
