000:090;000:090;0.5,-16.5;40.5,-16.5;0.5,29.5
090:180;000:090;40.5,-16.5;-0.5,-16.5;40.5,29.5
180:270;000:090;-0.5,-16.5;-40.5,-16.5;-0.5,29.5
270:360;000:090;-40.5,-16.5;0.5,-16.5;-40.5,29.5
000:090;090:180;0.5,29.5;40.5,29.5;0.5,16.5
090:180;090:180;40.5,29.5;-0.5,29.5;40.5,16.5
180:270;090:180;-0.5,29.5;-40.5,29.5;-0.5,16.5
270:360;090:180;-40.5,29.5;0.5,29.5;-40.5,16.5
000:090;180:270;0.5,16.5;40.5,16.5;0.5,-29.5
090:180;180:270;40.5,16.5;-0.5,16.5;40.5,-29.5
180:270;180:270;-0.5,16.5;-40.5,16.5;-0.5,-29.5
270:360;180:270;-40.5,16.5;0.5,16.5;-40.5,-29.5
000:090;270:360;0.5,-29.5;40.5,-29.5;0.5,-16.5
090:180;270:360;40.5,-29.5;-0.5,-29.5;40.5,-16.5
180:270;270:360;-0.5,-29.5;-40.5,-29.5;-0.5,-16.5
270:360;270:360;-40.5,-29.5;0.5,-29.5;-40.5,-16.5
