000:090;000:090;0.5,2.5;41.5,2.5;0.5,37.5
090:180;000:090;41.5,2.5;-0.5,2.5;41.5,37.5
180:270;000:090;-0.5,2.5;-41.5,2.5;-0.5,37.5
270:360;000:090;-41.5,2.5;0.5,2.5;-41.5,37.5
000:090;090:180;0.5,37.5;41.5,37.5;0.5,-2.5
090:180;090:180;41.5,37.5;-0.5,37.5;41.5,-2.5
180:270;090:180;-0.5,37.5;-41.5,37.5;-0.5,-2.5
270:360;090:180;-41.5,37.5;0.5,37.5;-41.5,-2.5
000:090;180:270;0.5,-2.5;41.5,-2.5;0.5,-37.5
090:180;180:270;41.5,-2.5;-0.5,-2.5;41.5,-37.5
180:270;180:270;-0.5,-2.5;-41.5,-2.5;-0.5,-37.5
270:360;180:270;-41.5,-2.5;0.5,-2.5;-41.5,-37.5
000:090;270:360;0.5,-37.5;41.5,-37.5;0.5,2.5
090:180;270:360;41.5,-37.5;-0.5,-37.5;41.5,2.5
180:270;270:360;-0.5,-37.5;-41.5,-37.5;-0.5,2.5
270:360;270:360;-41.5,-37.5;0.5,-37.5;-41.5,2.5
