000:090;000:090;23.5,-46;4.5,-46;23.5,-46
090:180;000:090;4.5,-46;-23.5,-46;4.5,-46
180:270;000:090;-23.5,-46;-4.5,-46;-23.5,-46
270:360;000:090;-4.5,-46;23.5,-46;-4.5,-46
000:090;090:180;23.5,-46;4.5,-46;23.5,46
090:180;090:180;4.5,-46;-23.5,-46;4.5,46
180:270;090:180;-23.5,-46;-4.5,-46;-23.5,46
270:360;090:180;-4.5,-46;23.5,-46;-4.5,46
000:090;180:270;23.5,46;4.5,46;23.5,46
090:180;180:270;4.5,46;-23.5,46;4.5,46
180:270;180:270;-23.5,46;-4.5,46;-23.5,46
270:360;180:270;-4.5,46;23.5,46;-4.5,46
000:090;270:360;23.5,46;4.5,46;23.5,-46
090:180;270:360;4.5,46;-23.5,46;4.5,-46
180:270;270:360;-23.5,46;-4.5,46;-23.5,-46
270:360;270:360;-4.5,46;23.5,46;-4.5,-46
