000:090;000:090;3.5,45;3.5,45;3.5,45
090:180;000:090;3.5,45;-3.5,45;3.5,45
180:270;000:090;-3.5,45;-3.5,45;-3.5,45
270:360;000:090;-3.5,45;3.5,45;-3.5,45
000:090;090:180;3.5,45;3.5,45;3.5,-45
090:180;090:180;3.5,45;-3.5,45;3.5,-45
180:270;090:180;-3.5,45;-3.5,45;-3.5,-45
270:360;090:180;-3.5,45;3.5,45;-3.5,-45
000:090;180:270;3.5,-45;3.5,-45;3.5,-45
090:180;180:270;3.5,-45;-3.5,-45;3.5,-45
180:270;180:270;-3.5,-45;-3.5,-45;-3.5,-45
270:360;180:270;-3.5,-45;3.5,-45;-3.5,-45
000:090;270:360;3.5,-45;3.5,-45;3.5,45
090:180;270:360;3.5,-45;-3.5,-45;3.5,45
180:270;270:360;-3.5,-45;-3.5,-45;-3.5,45
270:360;270:360;-3.5,-45;3.5,-45;-3.5,45
