000:090;000:090;32.5,-4;32.5,-4;32.5,-4
090:180;000:090;32.5,-4;-32.5,-4;32.5,-4
180:270;000:090;-32.5,-4;-32.5,-4;-32.5,-4
270:360;000:090;-32.5,-4;32.5,-4;-32.5,-4
000:090;090:180;32.5,-4;32.5,-4;32.5,4
090:180;090:180;32.5,-4;-32.5,-4;32.5,4
180:270;090:180;-32.5,-4;-32.5,-4;-32.5,4
270:360;090:180;-32.5,-4;32.5,-4;-32.5,4
000:090;180:270;32.5,4;32.5,4;32.5,4
090:180;180:270;32.5,4;-32.5,4;32.5,4
180:270;180:270;-32.5,4;-32.5,4;-32.5,4
270:360;180:270;-32.5,4;32.5,4;-32.5,4
000:090;270:360;32.5,4;32.5,4;32.5,-4
090:180;270:360;32.5,4;-32.5,4;32.5,-4
180:270;270:360;-32.5,4;-32.5,4;-32.5,-4
270:360;270:360;-32.5,4;32.5,4;-32.5,-4
