000:090;000:090;-28.5,1;26.5,1;-28.5,1
090:180;000:090;26.5,1;28.5,1;26.5,1
180:270;000:090;28.5,1;-26.5,1;28.5,1
270:360;000:090;-26.5,1;-28.5,1;-26.5,1
000:090;090:180;-28.5,1;26.5,1;-28.5,-1
090:180;090:180;26.5,1;28.5,1;26.5,-1
180:270;090:180;28.5,1;-26.5,1;28.5,-1
270:360;090:180;-26.5,1;-28.5,1;-26.5,-1
000:090;180:270;-28.5,-1;26.5,-1;-28.5,-1
090:180;180:270;26.5,-1;28.5,-1;26.5,-1
180:270;180:270;28.5,-1;-26.5,-1;28.5,-1
270:360;180:270;-26.5,-1;-28.5,-1;-26.5,-1
000:090;270:360;-28.5,-1;26.5,-1;-28.5,1
090:180;270:360;26.5,-1;28.5,-1;26.5,1
180:270;270:360;28.5,-1;-26.5,-1;28.5,1
270:360;270:360;-26.5,-1;-28.5,-1;-26.5,1
