000:090;000:090;29.5,1;29.5,1;29.5,1
090:180;000:090;29.5,1;-29.5,1;29.5,1
180:270;000:090;-29.5,1;-29.5,1;-29.5,1
270:360;000:090;-29.5,1;29.5,1;-29.5,1
000:090;090:180;29.5,1;29.5,1;29.5,-1
090:180;090:180;29.5,1;-29.5,1;29.5,-1
180:270;090:180;-29.5,1;-29.5,1;-29.5,-1
270:360;090:180;-29.5,1;29.5,1;-29.5,-1
000:090;180:270;29.5,-1;29.5,-1;29.5,-1
090:180;180:270;29.5,-1;-29.5,-1;29.5,-1
180:270;180:270;-29.5,-1;-29.5,-1;-29.5,-1
270:360;180:270;-29.5,-1;29.5,-1;-29.5,-1
000:090;270:360;29.5,-1;29.5,-1;29.5,1
090:180;270:360;29.5,-1;-29.5,-1;29.5,1
180:270;270:360;-29.5,-1;-29.5,-1;-29.5,1
270:360;270:360;-29.5,-1;29.5,-1;-29.5,1
