000:090;000:090;-0.5,0;-0.5,0;-0.5,0
090:180;000:090;-0.5,0;0.5,0;-0.5,0
180:270;000:090;0.5,0;0.5,0;0.5,0
270:360;000:090;0.5,0;-0.5,0;0.5,0
000:090;090:180;-0.5,0;-0.5,0;-0.5,0
090:180;090:180;-0.5,0;0.5,0;-0.5,0
180:270;090:180;0.5,0;0.5,0;0.5,0
270:360;090:180;0.5,0;-0.5,0;0.5,0
000:090;180:270;-0.5,0;-0.5,0;-0.5,0
090:180;180:270;-0.5,0;0.5,0;-0.5,0
180:270;180:270;0.5,0;0.5,0;0.5,0
270:360;180:270;0.5,0;-0.5,0;0.5,0
000:090;270:360;-0.5,0;-0.5,0;-0.5,0
090:180;270:360;-0.5,0;0.5,0;-0.5,0
180:270;270:360;0.5,0;0.5,0;0.5,0
270:360;270:360;0.5,0;-0.5,0;0.5,0
