000:090;000:090;-3,-80;2,-80;-3,-80
090:180;000:090;2,-80;3,-80;2,-80
180:270;000:090;3,-80;-2,-80;3,-80
270:360;000:090;-2,-80;-3,-80;-2,-80
000:090;090:180;-3,-80;2,-80;-3,80
090:180;090:180;2,-80;3,-80;2,80
180:270;090:180;3,-80;-2,-80;3,80
270:360;090:180;-2,-80;-3,-80;-2,80
000:090;180:270;-3,80;2,80;-3,80
090:180;180:270;2,80;3,80;2,80
180:270;180:270;3,80;-2,80;3,80
270:360;180:270;-2,80;-3,80;-2,80
000:090;270:360;-3,80;2,80;-3,-80
090:180;270:360;2,80;3,80;2,-80
180:270;270:360;3,80;-2,80;3,-80
270:360;270:360;-2,80;-3,80;-2,-80
