000:090;000:090;-14,-62;20,-62;-14,-62
090:180;000:090;20,-62;14,-62;20,-62
180:270;000:090;14,-62;-20,-62;14,-62
270:360;000:090;-20,-62;-14,-62;-20,-62
000:090;090:180;-14,-62;20,-62;-14,62
090:180;090:180;20,-62;14,-62;20,62
180:270;090:180;14,-62;-20,-62;14,62
270:360;090:180;-20,-62;-14,-62;-20,62
000:090;180:270;-14,62;20,62;-14,62
090:180;180:270;20,62;14,62;20,62
180:270;180:270;14,62;-20,62;14,62
270:360;180:270;-20,62;-14,62;-20,62
000:090;270:360;-14,62;20,62;-14,-62
090:180;270:360;20,62;14,62;20,-62
180:270;270:360;14,62;-20,62;14,-62
270:360;270:360;-20,62;-14,62;-20,-62
