000:090;000:090;10,-63;20,-63;10,-63
090:180;000:090;20,-63;-10,-63;20,-63
180:270;000:090;-10,-63;-20,-63;-10,-63
270:360;000:090;-20,-63;10,-63;-20,-63
000:090;090:180;10,-63;20,-63;10,63
090:180;090:180;20,-63;-10,-63;20,63
180:270;090:180;-10,-63;-20,-63;-10,63
270:360;090:180;-20,-63;10,-63;-20,63
000:090;180:270;10,63;20,63;10,63
090:180;180:270;20,63;-10,63;20,63
180:270;180:270;-10,63;-20,63;-10,63
270:360;180:270;-20,63;10,63;-20,63
000:090;270:360;10,63;20,63;10,-63
090:180;270:360;20,63;-10,63;20,-63
180:270;270:360;-10,63;-20,63;-10,-63
270:360;270:360;-20,63;10,63;-20,-63
