000:090;000:090;-16,-43;22,-43;-16,-43
090:180;000:090;22,-43;16,-43;22,-43
180:270;000:090;16,-43;-22,-43;16,-43
270:360;000:090;-22,-43;-16,-43;-22,-43
000:090;090:180;-16,-43;22,-43;-16,43
090:180;090:180;22,-43;16,-43;22,43
180:270;090:180;16,-43;-22,-43;16,43
270:360;090:180;-22,-43;-16,-43;-22,43
000:090;180:270;-16,43;22,43;-16,43
090:180;180:270;22,43;16,43;22,43
180:270;180:270;16,43;-22,43;16,43
270:360;180:270;-22,43;-16,43;-22,43
000:090;270:360;-16,43;22,43;-16,-43
090:180;270:360;22,43;16,43;22,-43
180:270;270:360;16,43;-22,43;16,-43
270:360;270:360;-22,43;-16,43;-22,-43
