000:090;000:090;0,-18;42,-18;0,-18
090:180;000:090;42,-18;0,-18;42,-18
180:270;000:090;0,-18;-42,-18;0,-18
270:360;000:090;-42,-18;0,-18;-42,-18
000:090;090:180;0,-18;42,-18;0,18
090:180;090:180;42,-18;0,-18;42,18
180:270;090:180;0,-18;-42,-18;0,18
270:360;090:180;-42,-18;0,-18;-42,18
000:090;180:270;0,18;42,18;0,18
090:180;180:270;42,18;0,18;42,18
180:270;180:270;0,18;-42,18;0,18
270:360;180:270;-42,18;0,18;-42,18
000:090;270:360;0,18;42,18;0,-18
090:180;270:360;42,18;0,18;42,-18
180:270;270:360;0,18;-42,18;0,-18
270:360;270:360;-42,18;0,18;-42,-18
