000:090;000:090;-5.5,1;-19.5,1;-5.5,1
090:180;000:090;-19.5,1;5.5,1;-19.5,1
180:270;000:090;5.5,1;19.5,1;5.5,1
270:360;000:090;19.5,1;-5.5,1;19.5,1
000:090;090:180;-5.5,1;-19.5,1;-5.5,-1
090:180;090:180;-19.5,1;5.5,1;-19.5,-1
180:270;090:180;5.5,1;19.5,1;5.5,-1
270:360;090:180;19.5,1;-5.5,1;19.5,-1
000:090;180:270;-5.5,-1;-19.5,-1;-5.5,-1
090:180;180:270;-19.5,-1;5.5,-1;-19.5,-1
180:270;180:270;5.5,-1;19.5,-1;5.5,-1
270:360;180:270;19.5,-1;-5.5,-1;19.5,-1
000:090;270:360;-5.5,-1;-19.5,-1;-5.5,1
090:180;270:360;-19.5,-1;5.5,-1;-19.5,1
180:270;270:360;5.5,-1;19.5,-1;5.5,1
270:360;270:360;19.5,-1;-5.5,-1;19.5,1
