000:090;000:090;-47,-13;1,-13;-47,-3
090:180;000:090;1,-13;47,-13;1,-3
180:270;000:090;47,-13;-1,-13;47,-3
270:360;000:090;-1,-13;-47,-13;-1,-3
000:090;090:180;-47,-3;1,-3;-47,13
090:180;090:180;1,-3;47,-3;1,13
180:270;090:180;47,-3;-1,-3;47,13
270:360;090:180;-1,-3;-47,-3;-1,13
000:090;180:270;-47,13;1,13;-47,3
090:180;180:270;1,13;47,13;1,3
180:270;180:270;47,13;-1,13;47,3
270:360;180:270;-1,13;-47,13;-1,3
000:090;270:360;-47,3;1,3;-47,-13
090:180;270:360;1,3;47,3;1,-13
180:270;270:360;47,3;-1,3;47,-13
270:360;270:360;-1,3;-47,3;-1,-13
