000:090;000:090;48,-12;1,-12;48,-2
090:180;000:090;1,-12;-48,-12;1,-2
180:270;000:090;-48,-12;-1,-12;-48,-2
270:360;000:090;-1,-12;48,-12;-1,-2
000:090;090:180;48,-2;1,-2;48,12
090:180;090:180;1,-2;-48,-2;1,12
180:270;090:180;-48,-2;-1,-2;-48,12
270:360;090:180;-1,-2;48,-2;-1,12
000:090;180:270;48,12;1,12;48,2
090:180;180:270;1,12;-48,12;1,2
180:270;180:270;-48,12;-1,12;-48,2
270:360;180:270;-1,12;48,12;-1,2
000:090;270:360;48,2;1,2;48,-12
090:180;270:360;1,2;-48,2;1,-12
180:270;270:360;-48,2;-1,2;-48,-12
270:360;270:360;-1,2;48,2;-1,-12
