000:090;000:090;133,95;132,95;133,95;
090:180;000:090;132,95;122,95;132,95;
180:270;000:090;122,95;123,95;122,95;
270:360;000:090;123,95;133,95;123,95;
000:090;090:180;133,95;132,95;133,162;
090:180;090:180;132,95;122,95;132,162;
180:270;090:180;122,95;123,95;122,162;
270:360;090:180;123,95;133,95;123,162;
000:090;180:270;133,162;132,162;133,162;
090:180;180:270;132,162;122,162;132,162;
180:270;180:270;122,162;123,162;122,162;
270:360;180:270;123,162;133,162;123,162;
000:090;270:360;133,162;132,162;133,95;
090:180;270:360;132,162;122,162;132,95;
180:270;270:360;122,162;123,162;122,95;
270:360;270:360;123,162;133,162;123,95;
