000:090;000:090;-2,-35;0,-35;-2,-35
090:180;000:090;0,-35;2,-35;0,-35
180:270;000:090;2,-35;0,-35;2,-35
270:360;000:090;0,-35;-2,-35;0,-35
000:090;090:180;-2,-35;0,-35;-2,35
090:180;090:180;0,-35;2,-35;0,35
180:270;090:180;2,-35;0,-35;2,35
270:360;090:180;0,-35;-2,-35;0,35
000:090;180:270;-2,35;0,35;-2,35
090:180;180:270;0,35;2,35;0,35
180:270;180:270;2,35;0,35;2,35
270:360;180:270;0,35;-2,35;0,35
000:090;270:360;-2,35;0,35;-2,-35
090:180;270:360;0,35;2,35;0,-35
180:270;270:360;2,35;0,35;2,-35
270:360;270:360;0,35;-2,35;0,-35
