000:090;000:090;-50,0.5;-50,0.5;-50,0.5
090:180;000:090;-50,0.5;50,0.5;-50,0.5
180:270;000:090;50,0.5;50,0.5;50,0.5
270:360;000:090;50,0.5;-50,0.5;50,0.5
000:090;090:180;-50,0.5;-50,0.5;-50,-0.5
090:180;090:180;-50,0.5;50,0.5;-50,-0.5
180:270;090:180;50,0.5;50,0.5;50,-0.5
270:360;090:180;50,0.5;-50,0.5;50,-0.5
000:090;180:270;-50,-0.5;-50,-0.5;-50,-0.5
090:180;180:270;-50,-0.5;50,-0.5;-50,-0.5
180:270;180:270;50,-0.5;50,-0.5;50,-0.5
270:360;180:270;50,-0.5;-50,-0.5;50,-0.5
000:090;270:360;-50,-0.5;-50,-0.5;-50,0.5
090:180;270:360;-50,-0.5;50,-0.5;-50,0.5
180:270;270:360;50,-0.5;50,-0.5;50,0.5
270:360;270:360;50,-0.5;-50,-0.5;50,0.5
