000:090;000:090;52,1.5;-50,1.5;52,1.5
090:180;000:090;-50,1.5;-52,1.5;-50,1.5
180:270;000:090;-52,1.5;50,1.5;-52,1.5
270:360;000:090;50,1.5;52,1.5;50,1.5
000:090;090:180;52,1.5;-50,1.5;52,-1.5
090:180;090:180;-50,1.5;-52,1.5;-50,-1.5
180:270;090:180;-52,1.5;50,1.5;-52,-1.5
270:360;090:180;50,1.5;52,1.5;50,-1.5
000:090;180:270;52,-1.5;-50,-1.5;52,-1.5
090:180;180:270;-50,-1.5;-52,-1.5;-50,-1.5
180:270;180:270;-52,-1.5;50,-1.5;-52,-1.5
270:360;180:270;50,-1.5;52,-1.5;50,-1.5
000:090;270:360;52,-1.5;-50,-1.5;52,1.5
090:180;270:360;-50,-1.5;-52,-1.5;-50,1.5
180:270;270:360;-52,-1.5;50,-1.5;-52,1.5
270:360;270:360;50,-1.5;52,-1.5;50,1.5
