000:090;000:090;43,1.5;-48,1.5;43,1.5
090:180;000:090;-48,1.5;-43,1.5;-48,1.5
180:270;000:090;-43,1.5;48,1.5;-43,1.5
270:360;000:090;48,1.5;43,1.5;48,1.5
000:090;090:180;43,1.5;-48,1.5;43,-1.5
090:180;090:180;-48,1.5;-43,1.5;-48,-1.5
180:270;090:180;-43,1.5;48,1.5;-43,-1.5
270:360;090:180;48,1.5;43,1.5;48,-1.5
000:090;180:270;43,-1.5;-48,-1.5;43,-1.5
090:180;180:270;-48,-1.5;-43,-1.5;-48,-1.5
180:270;180:270;-43,-1.5;48,-1.5;-43,-1.5
270:360;180:270;48,-1.5;43,-1.5;48,-1.5
000:090;270:360;43,-1.5;-48,-1.5;43,1.5
090:180;270:360;-48,-1.5;-43,-1.5;-48,1.5
180:270;270:360;-43,-1.5;48,-1.5;-43,1.5
270:360;270:360;48,-1.5;43,-1.5;48,1.5
