000:090;000:090;-20,1;-17,1;-20,-13
090:180;000:090;-17,1;20,1;-17,-13
180:270;000:090;20,1;17,1;20,-13
270:360;000:090;17,1;-20,1;17,-13
000:090;090:180;-20,-13;-17,-13;-20,-1
090:180;090:180;-17,-13;20,-13;-17,-1
180:270;090:180;20,-13;17,-13;20,-1
270:360;090:180;17,-13;-20,-13;17,-1
000:090;180:270;-20,-1;-17,-1;-20,13
090:180;180:270;-17,-1;20,-1;-17,13
180:270;180:270;20,-1;17,-1;20,13
270:360;180:270;17,-1;-20,-1;17,13
000:090;270:360;-20,13;-17,13;-20,1
090:180;270:360;-17,13;20,13;-17,1
180:270;270:360;20,13;17,13;20,1
270:360;270:360;17,13;-20,13;17,1
