000:090;000:090;-4,18;-9,18;-4,-8
090:180;000:090;-9,18;4,18;-9,-8
180:270;000:090;4,18;9,18;4,-8
270:360;000:090;9,18;-4,18;9,-8
000:090;090:180;-4,-8;-9,-8;-4,-18
090:180;090:180;-9,-8;4,-8;-9,-18
180:270;090:180;4,-8;9,-8;4,-18
270:360;090:180;9,-8;-4,-8;9,-18
000:090;180:270;-4,-18;-9,-18;-4,8
090:180;180:270;-9,-18;4,-18;-9,8
180:270;180:270;4,-18;9,-18;4,8
270:360;180:270;9,-18;-4,-18;9,8
000:090;270:360;-4,8;-9,8;-4,18
090:180;270:360;-9,8;4,8;-9,18
180:270;270:360;4,8;9,8;4,18
270:360;270:360;9,8;-4,8;9,18
